// tetin file version 1.1
// Tetin file generated by igestotin version 14.5 (Build 12.9.20.22) on Linux 2.6.32-504.8.1.el6.x86_64
// Parasolid Kernel Version 24.0 (Build 158)
//
// written by ICEM CFD - version 14.0 on Tue Mar 3 15:01:01 2015
// written by med emergency save - version 14.0 on Tue Mar 3 15:59:29 2015
// written by ICEM CFD - version 14.0 on Tue Mar 3 16:42:15 2015
// written by ICEM CFD - version 14.0 on Tue Mar 3 17:59:51 2015
// written by ICEM CFD - version 14.0 on Wed Mar 4 11:01:42 2015
// written by ICEM CFD - version 14.0 on Wed Mar 4 13:04:38 2015
// written by ICEM CFD - version 15.0 on Wed Mar 4 15:03:27 2015
// written by ICEM CFD - version 14.0 on Wed Mar 4 17:31:46 2015
// written by ICEM CFD - version 14.0 on Mon Aug  1 18:21:32 2016

set_triangulation_tolerance 0.001
define_family WING color 11194675
define_family POINTS color 11194675
define_family GEOM color 16663866
define_family INTERSECTION color 3391423
define_family UPPER_TE color 3604041
define_family LOWER_TE color 16663866

prescribed_point 0.25592795014381 7.0332194929135e-15 0.36250001192093 family WING name V_90
prescribed_point 0.2481741309166 0.0015131953405216 0.36250001192093 family WING name V_86
prescribed_point 0.2481741309166 0.0015131953405216 -2.1606684441622e-08 family WING name V_83
prescribed_point 0.25592795014381 7.0332194929135e-15 -2.1606684441622e-08 family WING name V_81
prescribed_point 0.2481741309166 0.0015131953405216 0.36250001192093 family WING name V_167
prescribed_point 0.20890565216541 0.0065187909640372 0.36250001192093 family WING name V_163
prescribed_point 0.20890565216541 0.0065187909640372 -2.1606684441622e-08 family WING name V_160
prescribed_point 0.2481741309166 0.0015131953405216 -2.1606684441622e-08 family WING name V_158
prescribed_point 0.20890565216541 0.0065187909640372 0.36250001192093 family WING name V_239
prescribed_point 0.10634836554527 0.013782114721835 0.36250001192093 family WING name V_235
prescribed_point 0.10634836554527 0.013782114721835 -2.1606684441622e-08 family WING name V_232
prescribed_point 0.20890565216541 0.0065187909640372 -2.1606684441622e-08 family WING name V_230
prescribed_point 0.10634836554527 0.013782114721835 0.36250001192093 family WING name V_311
prescribed_point 0.017436351627111 1.3890104344494e-13 0.36250001192093 family WING name V_307
prescribed_point 0.017436351627111 1.3890104344494e-13 -2.1606684441622e-08 family WING name V_304
prescribed_point 0.10634836554527 0.013782114721835 -2.1606684441622e-08 family WING name V_302
prescribed_point 0.25595155358315 -9.0855925213851e-14 0.64500391483307 family WING name V_383
prescribed_point 0.2481741309166 0.0014011067105457 0.6654224395752 family WING name V_379
prescribed_point 0.2481741309166 0.0015131953405216 0.36250001192093 family WING name V_376
prescribed_point 0.25592795014381 7.0332194929135e-15 0.36250001192093 family WING name V_374
prescribed_point 0.2481741309166 0.0014011067105457 0.6654224395752 family WING name V_455
prescribed_point 0.20890565216541 0.0060359174385667 0.6654224395752 family WING name V_451
prescribed_point 0.20890565216541 0.0065187909640372 0.36250001192093 family WING name V_448
prescribed_point 0.2481741309166 0.0015131953405216 0.36250001192093 family WING name V_446
prescribed_point 0.20890565216541 0.0060359174385667 0.6654224395752 family WING name V_527
prescribed_point 0.10634836554527 0.01276121661067 0.6654224395752 family WING name V_523
prescribed_point 0.10634836554527 0.013782114721835 0.36250001192093 family WING name V_520
prescribed_point 0.20890565216541 0.0065187909640372 0.36250001192093 family WING name V_518
prescribed_point 0.10634836554527 0.01276121661067 0.6654224395752 family WING name V_599
prescribed_point 0.017436351627111 -2.3444959862395e-10 0.6654224395752 family WING name V_595
prescribed_point 0.017436351627111 1.3890104344494e-13 0.36250001192093 family WING name V_592
prescribed_point 0.10634836554527 0.013782114721835 0.36250001192093 family WING name V_590
prescribed_point 0.017436351627111 1.3890104344494e-13 0.36250001192093 family WING name V_671
prescribed_point 0.10634836554527 -0.013782114721835 0.36250001192093 family WING name V_667
prescribed_point 0.10634836554527 -0.013782114721835 -2.1606684441622e-08 family WING name V_664
prescribed_point 0.017436351627111 1.3890104344494e-13 -2.1606684441622e-08 family WING name V_662
prescribed_point 0.10634836554527 -0.013782114721835 0.36250001192093 family WING name V_743
prescribed_point 0.20890565216541 -0.0065187909640372 0.36250001192093 family WING name V_739
prescribed_point 0.20890565216541 -0.0065187909640372 -2.1606684441622e-08 family WING name V_736
prescribed_point 0.10634836554527 -0.013782114721835 -2.1606684441622e-08 family WING name V_734
prescribed_point 0.20890565216541 -0.0065187909640372 0.36250001192093 family WING name V_815
prescribed_point 0.2481741309166 -0.0015131953405216 0.36250001192093 family WING name V_811
prescribed_point 0.2481741309166 -0.0015131953405216 -2.1606684441622e-08 family WING name V_808
prescribed_point 0.20890565216541 -0.0065187909640372 -2.1606684441622e-08 family WING name V_806
prescribed_point 0.2481741309166 -0.0015131953405216 0.36250001192093 family WING name V_887
prescribed_point 0.25592795014381 7.0332194929135e-15 0.36250001192093 family WING name V_883
prescribed_point 0.25592795014381 7.0332194929135e-15 -2.1606684441622e-08 family WING name V_880
prescribed_point 0.2481741309166 -0.0015131953405216 -2.1606684441622e-08 family WING name V_878
prescribed_point 0.017436351627111 -2.3444959862395e-10 0.6654224395752 family WING name V_959
prescribed_point 0.10634836554527 -0.012761217541993 0.6654224395752 family WING name V_955
prescribed_point 0.10634836554527 -0.013782114721835 0.36250001192093 family WING name V_952
prescribed_point 0.017436351627111 1.3890104344494e-13 0.36250001192093 family WING name V_950
prescribed_point 0.10634836554527 -0.012761217541993 0.6654224395752 family WING name V_1031
prescribed_point 0.20890565216541 -0.0060359174385667 0.6654224395752 family WING name V_1027
prescribed_point 0.20890565216541 -0.0065187909640372 0.36250001192093 family WING name V_1024
prescribed_point 0.10634836554527 -0.013782114721835 0.36250001192093 family WING name V_1022
prescribed_point 0.20890565216541 -0.0060359174385667 0.6654224395752 family WING name V_1103
prescribed_point 0.2481741309166 -0.001401106826961 0.6654224395752 family WING name V_1099
prescribed_point 0.2481741309166 -0.0015131953405216 0.36250001192093 family WING name V_1096
prescribed_point 0.20890565216541 -0.0065187909640372 0.36250001192093 family WING name V_1094
prescribed_point 0.2481741309166 -0.001401106826961 0.6654224395752 family WING name V_1175
prescribed_point 0.25595155358315 -9.0855925213851e-14 0.64500391483307 family WING name V_1171
prescribed_point 0.25592795014381 7.0332194929135e-15 0.36250001192093 family WING name V_1168
prescribed_point 0.2481741309166 -0.0015131953405216 0.36250001192093 family WING name V_1166
prescribed_point 0.10634836554527 0.01276121661067 0.6654224395752 family WING name V_1257
prescribed_point 0.10634836554527 -5.4754034639615e-10 0.72768521308899 family WING name V_1253
prescribed_point 0.017436351627111 -7.505443488931e-10 0.72768521308899 family WING name V_1250
prescribed_point 0.017436351627111 -2.3444959862395e-10 0.6654224395752 family WING name V_1248
prescribed_point 0.10634836554527 -5.4754034639615e-10 0.72768521308899 family WING name V_1339
prescribed_point 0.10634836554527 -0.012761217541993 0.6654224395752 family WING name V_1335
prescribed_point 0.017436351627111 -2.3444959862395e-10 0.6654224395752 family WING name V_1332
prescribed_point 0.017436351627111 -7.505443488931e-10 0.72768521308899 family WING name V_1330
prescribed_point 0.20890565216541 0.0060359174385667 0.6654224395752 family WING name V_1411
prescribed_point 0.20890565216541 -2.5898297395521e-10 0.72768521308899 family WING name V_1407
prescribed_point 0.10634836554527 -5.4754034639615e-10 0.72768521308899 family WING name V_1404
prescribed_point 0.10634836554527 0.01276121661067 0.6654224395752 family WING name V_1402
prescribed_point 0.20890565216541 -2.5898297395521e-10 0.72768521308899 family WING name V_1483
prescribed_point 0.20890565216541 -0.0060359174385667 0.6654224395752 family WING name V_1479
prescribed_point 0.10634836554527 -0.012761217541993 0.6654224395752 family WING name V_1476
prescribed_point 0.10634836554527 -5.4754034639615e-10 0.72768521308899 family WING name V_1474
prescribed_point 0.2481741309166 0.0014011067105457 0.6654224395752 family WING name V_1555
prescribed_point 0.2481741309166 -6.0117036349006e-11 0.72768521308899 family WING name V_1551
prescribed_point 0.20890565216541 -2.5898297395521e-10 0.72768521308899 family WING name V_1548
prescribed_point 0.20890565216541 0.0060359174385667 0.6654224395752 family WING name V_1546
prescribed_point 0.2481741309166 -6.0117036349006e-11 0.72768521308899 family WING name V_1627
prescribed_point 0.2481741309166 -0.001401106826961 0.6654224395752 family WING name V_1623
prescribed_point 0.20890565216541 -0.0060359174385667 0.6654224395752 family WING name V_1620
prescribed_point 0.20890565216541 -2.5898297395521e-10 0.72768521308899 family WING name V_1618
prescribed_point 0.25595155358315 -9.0855925213851e-14 0.64500391483307 family WING name V_1709
prescribed_point 0.25599879026413 -4.6393086854807e-13 0.72768521308899 family WING name V_1705
prescribed_point 0.2481741309166 -6.0117036349006e-11 0.72768521308899 family WING name V_1702
prescribed_point 0.2481741309166 0.0014011067105457 0.6654224395752 family WING name V_1700
prescribed_point 0.25599879026413 -4.6393086854807e-13 0.72768521308899 family WING name V_1791
prescribed_point 0.25595155358315 -9.0855925213851e-14 0.64500391483307 family WING name V_1787
prescribed_point 0.2481741309166 -0.001401106826961 0.6654224395752 family WING name V_1784
prescribed_point 0.2481741309166 -6.0117036349006e-11 0.72768521308899 family WING name V_1782
prescribed_point 0.02251204662025 -0.0087582161650062 -2.1606684441622e-08 family WING name pnt.00
prescribed_point 0.02251204662025 -0.0087582161650062 0.36250001192093 family WING name pnt.01
prescribed_point 0.02251204662025 -0.0087582161650062 0.36250001192093 family WING name pnt.02
prescribed_point 0.02251204662025 -0.0081094596534967 0.6654224395752 family WING name pnt.03
prescribed_point 0.02251204662025 0.0087582152336836 0.36250001192093 family WING name pnt.04
prescribed_point 0.02251204662025 0.0081094587221742 0.6654224395752 family WING name pnt.05
prescribed_point 0.02251204662025 0.0087582152336836 -2.1606684441622e-08 family WING name pnt.06
prescribed_point 0.02251204662025 0.0087582152336836 0.36250001192093 family WING name pnt.07
prescribed_point 0.022513512521982 0.0065411487594247 0.71013987064362 family WING name pnt.10
prescribed_point 0.022513512521982 -0.0065411496907473 0.71013987064362 family WING name pnt.11
prescribed_point 0.24817451834679 0.0011271054390818 0.71013951301575 family WING name pnt.12
prescribed_point 0.2481741309166 -0.0011271476978436 0.71013951301575 family WING name pnt.13
prescribed_point 0.2558881342411 0.00033385731512681 -2.1606684441622e-08 family POINTS name pnt.14
prescribed_point 0.2558881342411 -0.00033385728602298 -2.1606684441622e-08 family POINTS name pnt.16
prescribed_point 0.25590264797211 0.00030912715010345 0.65288293361664 family POINTS name pnt.19
prescribed_point 0.25590264797211 -0.00030912712099962 0.65288293361664 family POINTS name pnt.21
prescribed_point 0.25592470169067 0.0002449078601785 0.70665806531906 family POINTS name pnt.22
prescribed_point 0.25592470169067 -0.00024490788928233 0.70665806531906 family POINTS name pnt.23
prescribed_point 0.01777670532465 0.0024639461189508 0.6654224395752 family WING name pnt.08
prescribed_point 0.01777670532465 -0.0024639461189508 0.6654224395752 family WING name pnt.09
prescribed_point 0.017776755616069 0.0026612689252943 -2.1606684441622e-08 family WING name pnt.15
prescribed_point 0.017776755616069 -0.0026612686924636 -2.1606684441622e-08 family WING name pnt.17
prescribed_point 0.017771385610104 -7.4932815508078e-10 0.72768521308899 family WING name pnt.18
prescribed_point -1 0.10000000149012 0 family GEOM name pnt.32
prescribed_point 1.25 0.10000000149012 0 family GEOM name pnt.33
prescribed_point 1.25 0.34999999403954 4.9192596662806e-09 family GEOM name pnt.34
prescribed_point -1 0.34999999403954 9.8385193325612e-09 family GEOM name pnt.37
prescribed_point -1 -0.1499999910593 4.5924253663221e-17 family GEOM name GEOM.37
prescribed_point 1.25 -0.1499999910593 4.5924253663221e-17 family GEOM name GEOM.38
prescribed_point 1.25 0.34999999403954 -1.5308085657315e-17 family GEOM name GEOM.39
prescribed_point -1 0.34999999403954 -1.5308085657315e-17 family GEOM name GEOM.40
prescribed_point -1 -0.1499999910593 -1.3420204947323e-09 family GEOM name GEOM.49
prescribed_point 1.25 -0.1499999910593 -1.3420204947323e-09 family GEOM name GEOM.50
prescribed_point 0.2558881342411 0.00033385731512681 0.22924380004406 family WING name pnt.38
prescribed_point 0.2558881342411 -0.00033385728602298 0.22896392643452 family WING name pnt.39
prescribed_point 0.25592795014381 7.0332194929135e-15 -2.1606684441622e-08 family WING name WING.39
prescribed_point 0.2481741309166 0.0015131953405216 -2.1606684441622e-08 family WING name WING.40
prescribed_point 0.20890565216541 0.0065187909640372 -2.1606684441622e-08 family WING name WING.44
prescribed_point 0.10634836554527 0.013782114721835 -2.1606684441622e-08 family WING name WING.48
prescribed_point 0.017436351627111 1.3890104344494e-13 -2.1606684441622e-08 family WING name WING.52
prescribed_point 0.2481741309166 0.0015131953405216 0.36250001192093 family WING name WING.56
prescribed_point 0.20890565216541 0.0065187909640372 0.36250001192093 family WING name WING.60
prescribed_point 0.10634836554527 0.013782114721835 0.36250001192093 family WING name WING.64
prescribed_point 0.10634836554527 -0.013782114721835 -2.1606684441622e-08 family WING name WING.72
prescribed_point 0.017436351627111 1.3890104344494e-13 0.36250001192093 family WING name WING.74
prescribed_point 0.20890565216541 -0.0065187909640372 -2.1606684441622e-08 family WING name WING.76
prescribed_point 0.2481741309166 -0.0015131953405216 -2.1606684441622e-08 family WING name WING.80
prescribed_point 0.25592795014381 7.0332194929135e-15 0.36250001192093 family WING name WING.85
prescribed_point 0.10634836554527 -0.013782114721835 0.36250001192093 family WING name WING.88
prescribed_point 0.20890565216541 -0.0065187909640372 0.36250001192093 family WING name WING.92
prescribed_point 0.2481741309166 -0.0015131953405216 0.36250001192093 family WING name WING.96
prescribed_point 0.017436351627111 -2.3444959862395e-10 0.6654224395752 family WING name WING.103
prescribed_point 0.017436351627111 -7.505443488931e-10 0.72768521308899 family WING name WING.104
prescribed_point 0.10634836554527 0.01276121661067 0.6654224395752 family WING name WING.106
prescribed_point 0.10634836554527 -0.012761217541993 0.6654224395752 family WING name WING.109
prescribed_point 0.10634836554527 -5.4754034639615e-10 0.72768521308899 family WING name WING.112
prescribed_point 0.20890565216541 0.0060359174385667 0.6654224395752 family WING name WING.114
prescribed_point 0.20890565216541 -0.0060359174385667 0.6654224395752 family WING name WING.117
prescribed_point 0.20890565216541 -2.5898297395521e-10 0.72768521308899 family WING name WING.120
prescribed_point 0.2481741309166 0.0014011067105457 0.6654224395752 family WING name WING.122
prescribed_point 0.2481741309166 -0.001401106826961 0.6654224395752 family WING name WING.125
prescribed_point 0.2481741309166 -6.0117036349006e-11 0.72768521308899 family WING name WING.128
prescribed_point 0.25599879026413 -4.6393086854807e-13 0.72768521308899 family WING name WING.129
prescribed_point 0.25595155358315 -9.0855925213851e-14 0.64500391483307 family WING name WING.130
define_curve family WING tetra_size 1e+10 name E_94 vertex1 V_90 vertex2 V_81
bspline
4,4,1
0,0,0,0,1
1,1,1
0.255927935298,7.03321949291e-15,0.3625,1
0.255927935298,7.03321949291e-15,0.241666695476,1
0.255927935298,7.03321949291e-15,0.120833304524,1
0.255927935298,7.03321949291e-15,-2.16066837755e-08,1
define_curve family WING tetra_size 1e+10 name E_91 vertex1 V_86 vertex2 V_90
bspline
4,4,1
0,0,0,0,1
1,1,1
0.248174127784,0.00151319529903,0.3625,1
0.255690235434,0.00038220116992,0.3625,1
0.255927935297,0.000943703167229,0.3625,1
0.255927935298,7.03321949291e-15,0.3625,1
define_curve family WING tetra_size 1e+10 name E_87 vertex1 V_83 vertex2 V_86
bspline
4,4,1
0,0,0,0,1
1,1,1
0.248174127784,0.00151319529903,-2.16066837755e-08,1
0.248174127784,0.00151319529903,0.120833304524,1
0.248174127784,0.00151319529903,0.241666695476,1
0.248174127784,0.00151319529903,0.3625,1
define_curve family WING tetra_size 1e+10 name E_84 vertex1 V_81 vertex2 V_83
bspline
4,4,1
0,0,0,0,1
1,1,1
0.255927935298,7.03321949291e-15,-2.16066837755e-08,1
0.255927935297,0.000943703167229,-2.16066837755e-08,1
0.255690235434,0.00038220116992,-2.16066837755e-08,1
0.248174127784,0.00151319529903,-2.16066837755e-08,1
define_curve family WING tetra_size 1e+10 name E_171 vertex1 V_167 vertex2 V_158
bspline
4,4,1
0,0,0,0,1
1,1,1
0.248174127784,0.00151319529903,0.3625,1
0.248174127784,0.00151319529903,0.241666695476,1
0.248174127784,0.00151319529903,0.120833304524,1
0.248174127784,0.00151319529903,-2.16066837755e-08,1
define_curve family WING tetra_size 1e+10 name E_168 vertex1 V_163 vertex2 V_167
bspline
4,4,1
0,0,0,0,1
1,1,1
0.208905658524,0.0065187908862,0.3625,1
0.231356399773,0.00398350140886,0.3625,1
0.240658020133,0.00264418942814,0.3625,1
0.248174127784,0.00151319529903,0.3625,1
define_curve family WING tetra_size 1e+10 name E_164 vertex1 V_160 vertex2 V_163
bspline
4,4,1
0,0,0,0,1
1,1,1
0.208905658524,0.0065187908862,-2.16066837755e-08,1
0.208905658524,0.0065187908862,0.120833304524,1
0.208905658524,0.0065187908862,0.241666695476,1
0.208905658524,0.0065187908862,0.3625,1
define_curve family WING tetra_size 1e+10 name E_161 vertex1 V_158 vertex2 V_160
bspline
4,4,1
0,0,0,0,1
1,1,1
0.248174127784,0.00151319529903,-2.16066837755e-08,1
0.240658020133,0.00264418942814,-2.16066837755e-08,1
0.231356399773,0.00398350140886,-2.16066837755e-08,1
0.208905658524,0.0065187908862,-2.16066837755e-08,1
define_curve family WING tetra_size 1e+10 name E_243 vertex1 V_239 vertex2 V_230
bspline
4,4,1
0,0,0,0,1
1,1,1
0.208905658524,0.0065187908862,0.3625,1
0.208905658524,0.0065187908862,0.241666695476,1
0.208905658524,0.0065187908862,0.120833304524,1
0.208905658524,0.0065187908862,-2.16066837755e-08,1
define_curve family WING tetra_size 1e+10 name E_240 vertex1 V_235 vertex2 V_239
bspline
4,4,1
0,0,0,0,1
1,1,1
0.106348367464,0.0137821143458,0.3625,1
0.149797887291,0.0130475734114,0.3625,1
0.186454917276,0.00905408036354,0.3625,1
0.208905658524,0.0065187908862,0.3625,1
define_curve family WING tetra_size 1e+10 name E_236 vertex1 V_232 vertex2 V_235
bspline
4,4,1
0,0,0,0,1
1,1,1
0.106348367464,0.0137821143458,-2.16066837755e-08,1
0.106348367464,0.0137821143458,0.120833304524,1
0.106348367464,0.0137821143458,0.241666695476,1
0.106348367464,0.0137821143458,0.3625,1
define_curve family WING tetra_size 1e+10 name E_233 vertex1 V_230 vertex2 V_232
bspline
4,4,1
0,0,0,0,1
1,1,1
0.208905658524,0.0065187908862,-2.16066837755e-08,1
0.186454917276,0.00905408036354,-2.16066837755e-08,1
0.149797887291,0.0130475734114,-2.16066837755e-08,1
0.106348367464,0.0137821143458,-2.16066837755e-08,1
define_curve family WING tetra_size 1e+10 name E_315 vertex1 V_311 vertex2 V_302
bspline
4,4,1
0,0,0,0,1
1,1,1
0.106348367464,0.0137821143458,0.3625,1
0.106348367464,0.0137821143458,0.241666695476,1
0.106348367464,0.0137821143458,0.120833304524,1
0.106348367464,0.0137821143458,-2.16066837755e-08,1
define_curve family WING tetra_size 1e+10 name E_312 vertex1 V_307 vertex2 V_311
bspline
4,4,1
0,0,0,0,1
1,1,1
0.0174363515752,1.38901043445e-13,0.3625,1
0.017436351575,0.0188915625038,0.3625,1
0.0628988476363,0.0145166552802,0.3625,1
0.106348367464,0.0137821143458,0.3625,1
define_curve family WING tetra_size 1e+10 name E_308 vertex1 V_304 vertex2 V_307
bspline
4,4,1
0,0,0,0,1
1,1,1
0.0174363515752,1.38901043445e-13,-2.16066837755e-08,1
0.0174363515752,1.38901043445e-13,0.120833304524,1
0.0174363515752,1.38901043445e-13,0.241666695476,1
0.0174363515752,1.38901043445e-13,0.3625,1
define_curve family WING tetra_size 1e+10 name E_305 vertex1 V_302 vertex2 V_304
bspline
4,4,1
0,0,0,0,1
1,1,1
0.106348367464,0.0137821143458,-2.16066837755e-08,1
0.0628988476363,0.0145166552802,-2.16066837755e-08,1
0.017436351575,0.0188915625038,-2.16066837755e-08,1
0.0174363515752,1.38901043445e-13,-2.16066837755e-08,1
define_curve family WING tetra_size 1e+10 name E_387 vertex1 V_383 vertex2 V_374
bspline
4,4,1
0,0,0,0,1
1,1,1
0.25595155921,-9.08559252139e-14,0.645003896293,1
0.255927935298,7.03321949291e-15,0.604166695476,1
0.255927935298,7.03321949291e-15,0.483333304524,1
0.255927935298,7.03321949291e-15,0.3625,1
define_curve family WING tetra_size 1e+10 name E_384 vertex1 V_379 vertex2 V_383
bspline
4,4,1
0,0,0,0,1
1,1,1
0.248174127784,0.0014011067521,0.665422467928,1
0.255690235434,0.000353889970567,0.665422467928,1
0.255927935297,0.00087379922501,0.665422467928,1
0.25595155921,-9.08559252139e-14,0.645003896293,1
define_curve family WING tetra_size 1e+10 name E_380 vertex1 V_376 vertex2 V_379
bspline
4,4,1
0,0,0,0,1
1,1,1
0.248174127784,0.00151319529903,0.3625,1
0.248174127784,0.00151319529903,0.483333304524,1
0.248174127784,0.00151319529903,0.604166695476,1
0.248174127784,0.0014011067521,0.665422467928,1
define_curve family WING tetra_size 1e+10 name E_377 vertex1 V_374 vertex2 V_376
bspline
4,4,1
0,0,0,0,1
1,1,1
0.255927935298,7.03321949291e-15,0.3625,1
0.255927935297,0.000943703167229,0.3625,1
0.255690235434,0.00038220116992,0.3625,1
0.248174127784,0.00151319529903,0.3625,1
define_curve family WING tetra_size 1e+10 name E_459 vertex1 V_455 vertex2 V_446
bspline
4,4,1
0,0,0,0,1
1,1,1
0.248174127784,0.0014011067521,0.665422467928,1
0.248174127784,0.00151319529903,0.604166695476,1
0.248174127784,0.00151319529903,0.483333304524,1
0.248174127784,0.00151319529903,0.3625,1
define_curve family WING tetra_size 1e+10 name E_456 vertex1 V_451 vertex2 V_455
bspline
4,4,1
0,0,0,0,1
1,1,1
0.208905658524,0.00603591746024,0.665422467928,1
0.231356399773,0.00368842721394,0.665422467928,1
0.240658020133,0.00244832353363,0.665422467928,1
0.248174127784,0.0014011067521,0.665422467928,1
define_curve family WING tetra_size 1e+10 name E_452 vertex1 V_448 vertex2 V_451
bspline
4,4,1
0,0,0,0,1
1,1,1
0.208905658524,0.0065187908862,0.3625,1
0.208905658524,0.0065187908862,0.483333304524,1
0.208905658524,0.0065187908862,0.604166695476,1
0.208905658524,0.00603591746024,0.665422467928,1
define_curve family WING tetra_size 1e+10 name E_449 vertex1 V_446 vertex2 V_448
bspline
4,4,1
0,0,0,0,1
1,1,1
0.248174127784,0.00151319529903,0.3625,1
0.240658020133,0.00264418942814,0.3625,1
0.231356399773,0.00398350140886,0.3625,1
0.208905658524,0.0065187908862,0.3625,1
define_curve family WING tetra_size 1e+10 name E_531 vertex1 V_527 vertex2 V_518
bspline
4,4,1
0,0,0,0,1
1,1,1
0.208905658524,0.00603591746024,0.665422467928,1
0.208905658524,0.0065187908862,0.604166695476,1
0.208905658524,0.0065187908862,0.483333304524,1
0.208905658524,0.0065187908862,0.3625,1
define_curve family WING tetra_size 1e+10 name E_528 vertex1 V_523 vertex2 V_527
bspline
4,4,1
0,0,0,0,1
1,1,1
0.106348367464,0.0127612169298,0.665422467928,1
0.149797887291,0.012081086438,0.665422467928,1
0.186454917276,0.00838340770655,0.665422467928,1
0.208905658524,0.00603591746024,0.665422467928,1
define_curve family WING tetra_size 1e+10 name E_524 vertex1 V_520 vertex2 V_523
bspline
4,4,1
0,0,0,0,1
1,1,1
0.106348367464,0.0137821143458,0.3625,1
0.106348367464,0.0137821143458,0.483333304524,1
0.106348367464,0.0137821143458,0.604166695476,1
0.106348367464,0.0127612169298,0.665422467928,1
define_curve family WING tetra_size 1e+10 name E_521 vertex1 V_518 vertex2 V_520
bspline
4,4,1
0,0,0,0,1
1,1,1
0.208905658524,0.0065187908862,0.3625,1
0.186454917276,0.00905408036354,0.3625,1
0.149797887291,0.0130475734114,0.3625,1
0.106348367464,0.0137821143458,0.3625,1
define_curve family WING tetra_size 1e+10 name E_603 vertex1 V_599 vertex2 V_590
bspline
4,4,1
0,0,0,0,1
1,1,1
0.106348367464,0.0127612169298,0.665422467928,1
0.106348367464,0.0137821143458,0.604166695476,1
0.106348367464,0.0137821143458,0.483333304524,1
0.106348367464,0.0137821143458,0.3625,1
define_curve family WING tetra_size 1e+10 name E_600 vertex1 V_595 vertex2 V_599
bspline
4,4,1
0,0,0,0,1
1,1,1
0.0174363515752,-2.34449602961e-10,0.665422467868,1
0.017436351575,0.0174921874253,0.665422467928,1
0.0628988476363,0.0134413474216,0.665422467928,1
0.106348367464,0.0127612169298,0.665422467928,1
define_curve family WING tetra_size 1e+10 name E_596 vertex1 V_592 vertex2 V_595
bspline
4,4,1
0,0,0,0,1
1,1,1
0.0174363515752,1.38901043445e-13,0.3625,1
0.0174363515752,1.38901043445e-13,0.483333304524,1
0.0174363515752,1.38901043445e-13,0.604166695476,1
0.0174363515752,-2.34449602961e-10,0.665422467868,1
define_curve family WING tetra_size 1e+10 name E_593 vertex1 V_590 vertex2 V_592
bspline
4,4,1
0,0,0,0,1
1,1,1
0.106348367464,0.0137821143458,0.3625,1
0.0628988476363,0.0145166552802,0.3625,1
0.017436351575,0.0188915625038,0.3625,1
0.0174363515752,1.38901043445e-13,0.3625,1
define_curve family WING tetra_size 1e+10 name E_675 vertex1 V_671 vertex2 V_662
bspline
4,4,1
0,0,0,0,1
1,1,1
0.0174363515752,1.38901043445e-13,0.3625,1
0.0174363515752,1.38901043445e-13,0.241666695476,1
0.0174363515752,1.38901043445e-13,0.120833304524,1
0.0174363515752,1.38901043445e-13,-2.16066837755e-08,1
define_curve family WING tetra_size 1e+10 name E_672 vertex1 V_667 vertex2 V_671
bspline
4,4,1
0,0,0,0,1
1,1,1
0.106348367464,-0.0137821143455,0.3625,1
0.0628988476369,-0.0145166552799,0.3625,1
0.0174363515755,-0.0188915625035,0.3625,1
0.0174363515752,1.38901043445e-13,0.3625,1
define_curve family WING tetra_size 1e+10 name E_668 vertex1 V_664 vertex2 V_667
bspline
4,4,1
0,0,0,0,1
1,1,1
0.106348367464,-0.0137821143455,-2.16066837755e-08,1
0.106348367464,-0.0137821143455,0.120833304524,1
0.106348367464,-0.0137821143455,0.241666695476,1
0.106348367464,-0.0137821143455,0.3625,1
define_curve family WING tetra_size 1e+10 name E_665 vertex1 V_662 vertex2 V_664
bspline
4,4,1
0,0,0,0,1
1,1,1
0.0174363515752,1.38901043445e-13,-2.16066837755e-08,1
0.0174363515755,-0.0188915625035,-2.16066837755e-08,1
0.0628988476369,-0.0145166552799,-2.16066837755e-08,1
0.106348367464,-0.0137821143455,-2.16066837755e-08,1
define_curve family WING tetra_size 1e+10 name E_747 vertex1 V_743 vertex2 V_734
bspline
4,4,1
0,0,0,0,1
1,1,1
0.106348367464,-0.0137821143455,0.3625,1
0.106348367464,-0.0137821143455,0.241666695476,1
0.106348367464,-0.0137821143455,0.120833304524,1
0.106348367464,-0.0137821143455,-2.16066837755e-08,1
define_curve family WING tetra_size 1e+10 name E_744 vertex1 V_739 vertex2 V_743
bspline
4,4,1
0,0,0,0,1
1,1,1
0.208905658526,-0.0065187908861,0.3625,1
0.186454917276,-0.00905408036338,0.3625,1
0.149797887292,-0.0130475734112,0.3625,1
0.106348367464,-0.0137821143455,0.3625,1
define_curve family WING tetra_size 1e+10 name E_740 vertex1 V_736 vertex2 V_739
bspline
4,4,1
0,0,0,0,1
1,1,1
0.208905658526,-0.0065187908861,-2.16066837755e-08,1
0.208905658526,-0.0065187908861,0.120833304524,1
0.208905658526,-0.0065187908861,0.241666695476,1
0.208905658526,-0.0065187908861,0.3625,1
define_curve family WING tetra_size 1e+10 name E_737 vertex1 V_734 vertex2 V_736
bspline
4,4,1
0,0,0,0,1
1,1,1
0.106348367464,-0.0137821143455,-2.16066837755e-08,1
0.149797887292,-0.0130475734112,-2.16066837755e-08,1
0.186454917276,-0.00905408036338,-2.16066837755e-08,1
0.208905658526,-0.0065187908861,-2.16066837755e-08,1
define_curve family WING tetra_size 1e+10 name E_819 vertex1 V_815 vertex2 V_806
bspline
4,4,1
0,0,0,0,1
1,1,1
0.208905658526,-0.0065187908861,0.3625,1
0.208905658526,-0.0065187908861,0.241666695476,1
0.208905658526,-0.0065187908861,0.120833304524,1
0.208905658526,-0.0065187908861,-2.16066837755e-08,1
define_curve family WING tetra_size 1e+10 name E_816 vertex1 V_811 vertex2 V_815
bspline
4,4,1
0,0,0,0,1
1,1,1
0.248174127786,-0.00151319529901,0.3625,1
0.240658020136,-0.00264418942811,0.3625,1
0.231356399776,-0.00398350140882,0.3625,1
0.208905658526,-0.0065187908861,0.3625,1
define_curve family WING tetra_size 1e+10 name E_812 vertex1 V_808 vertex2 V_811
bspline
4,4,1
0,0,0,0,1
1,1,1
0.248174127786,-0.00151319529901,-2.16066837755e-08,1
0.248174127786,-0.00151319529901,0.120833304524,1
0.248174127786,-0.00151319529901,0.241666695476,1
0.248174127786,-0.00151319529901,0.3625,1
define_curve family WING tetra_size 1e+10 name E_809 vertex1 V_806 vertex2 V_808
bspline
4,4,1
0,0,0,0,1
1,1,1
0.208905658526,-0.0065187908861,-2.16066837755e-08,1
0.231356399776,-0.00398350140882,-2.16066837755e-08,1
0.240658020136,-0.00264418942811,-2.16066837755e-08,1
0.248174127786,-0.00151319529901,-2.16066837755e-08,1
define_curve family WING tetra_size 1e+10 name E_891 vertex1 V_887 vertex2 V_878
bspline
4,4,1
0,0,0,0,1
1,1,1
0.248174127786,-0.00151319529901,0.3625,1
0.248174127786,-0.00151319529901,0.241666695476,1
0.248174127786,-0.00151319529901,0.120833304524,1
0.248174127786,-0.00151319529901,-2.16066837755e-08,1
define_curve family WING tetra_size 1e+10 name E_888 vertex1 V_883 vertex2 V_887
bspline
4,4,1
0,0,0,0,1
1,1,1
0.255927935298,7.03321949291e-15,0.3625,1
0.255927935299,-0.000943703167215,0.3625,1
0.255690235437,-0.000382201169907,0.3625,1
0.248174127786,-0.00151319529901,0.3625,1
define_curve family WING tetra_size 1e+10 name E_884 vertex1 V_880 vertex2 V_883
bspline
4,4,1
0,0,0,0,1
1,1,1
0.255927935298,7.03321949291e-15,-2.16066837755e-08,1
0.255927935298,7.03321949291e-15,0.120833304524,1
0.255927935298,7.03321949291e-15,0.241666695476,1
0.255927935298,7.03321949291e-15,0.3625,1
define_curve family WING tetra_size 1e+10 name E_881 vertex1 V_878 vertex2 V_880
bspline
4,4,1
0,0,0,0,1
1,1,1
0.248174127786,-0.00151319529901,-2.16066837755e-08,1
0.255690235437,-0.000382201169907,-2.16066837755e-08,1
0.255927935299,-0.000943703167215,-2.16066837755e-08,1
0.255927935298,7.03321949291e-15,-2.16066837755e-08,1
define_curve family WING tetra_size 1e+10 name E_963 vertex1 V_959 vertex2 V_950
bspline
4,4,1
0,0,0,0,1
1,1,1
0.0174363515752,-2.34449602961e-10,0.665422467868,1
0.0174363515752,1.38901043445e-13,0.604166695476,1
0.0174363515752,1.38901043445e-13,0.483333304524,1
0.0174363515752,1.38901043445e-13,0.3625,1
define_curve family WING tetra_size 1e+10 name E_960 vertex1 V_955 vertex2 V_959
bspline
4,4,1
0,0,0,0,1
1,1,1
0.106348367464,-0.0127612172718,0.665422467808,1
0.0628988476369,-0.0134413477818,0.665422467808,1
0.0174363515755,-0.0174921878942,0.665422467808,1
0.0174363515752,-2.34449602961e-10,0.665422467868,1
define_curve family WING tetra_size 1e+10 name E_956 vertex1 V_952 vertex2 V_955
bspline
4,4,1
0,0,0,0,1
1,1,1
0.106348367464,-0.0137821143455,0.3625,1
0.106348367464,-0.0137821143455,0.483333304524,1
0.106348367464,-0.0137821143455,0.604166695476,1
0.106348367464,-0.0127612172718,0.665422467808,1
define_curve family WING tetra_size 1e+10 name E_953 vertex1 V_950 vertex2 V_952
bspline
4,4,1
0,0,0,0,1
1,1,1
0.0174363515752,1.38901043445e-13,0.3625,1
0.0174363515755,-0.0188915625035,0.3625,1
0.0628988476369,-0.0145166552799,0.3625,1
0.106348367464,-0.0137821143455,0.3625,1
define_curve family WING tetra_size 1e+10 name E_1035 vertex1 V_1031 vertex2 V_1022
bspline
4,4,1
0,0,0,0,1
1,1,1
0.106348367464,-0.0127612172718,0.665422467808,1
0.106348367464,-0.0137821143455,0.604166695476,1
0.106348367464,-0.0137821143455,0.483333304524,1
0.106348367464,-0.0137821143455,0.3625,1
define_curve family WING tetra_size 1e+10 name E_1032 vertex1 V_1027 vertex2 V_1031
bspline
4,4,1
0,0,0,0,1
1,1,1
0.208905658526,-0.00603591762204,0.665422467808,1
0.186454917276,-0.00838340793125,0.665422467808,1
0.149797887292,-0.0120810867619,0.665422467808,1
0.106348367464,-0.0127612172718,0.665422467808,1
define_curve family WING tetra_size 1e+10 name E_1028 vertex1 V_1024 vertex2 V_1027
bspline
4,4,1
0,0,0,0,1
1,1,1
0.208905658526,-0.0065187908861,0.3625,1
0.208905658526,-0.0065187908861,0.483333304524,1
0.208905658526,-0.0065187908861,0.604166695476,1
0.208905658526,-0.00603591762204,0.665422467808,1
define_curve family WING tetra_size 1e+10 name E_1025 vertex1 V_1022 vertex2 V_1024
bspline
4,4,1
0,0,0,0,1
1,1,1
0.106348367464,-0.0137821143455,0.3625,1
0.149797887292,-0.0130475734112,0.3625,1
0.186454917276,-0.00905408036338,0.3625,1
0.208905658526,-0.0065187908861,0.3625,1
define_curve family WING tetra_size 1e+10 name E_1107 vertex1 V_1103 vertex2 V_1094
bspline
4,4,1
0,0,0,0,1
1,1,1
0.208905658526,-0.00603591762204,0.665422467808,1
0.208905658526,-0.0065187908861,0.604166695476,1
0.208905658526,-0.0065187908861,0.483333304524,1
0.208905658526,-0.0065187908861,0.3625,1
define_curve family WING tetra_size 1e+10 name E_1104 vertex1 V_1099 vertex2 V_1103
bspline
4,4,1
0,0,0,0,1
1,1,1
0.248174127786,-0.00140110678966,0.665422467808,1
0.240658020136,-0.00244832359927,0.665422467808,1
0.231356399776,-0.00368842731283,0.665422467808,1
0.208905658526,-0.00603591762204,0.665422467808,1
define_curve family WING tetra_size 1e+10 name E_1100 vertex1 V_1096 vertex2 V_1099
bspline
4,4,1
0,0,0,0,1
1,1,1
0.248174127786,-0.00151319529901,0.3625,1
0.248174127786,-0.00151319529901,0.483333304524,1
0.248174127786,-0.00151319529901,0.604166695476,1
0.248174127786,-0.00140110678966,0.665422467808,1
define_curve family WING tetra_size 1e+10 name E_1097 vertex1 V_1094 vertex2 V_1096
bspline
4,4,1
0,0,0,0,1
1,1,1
0.208905658526,-0.0065187908861,0.3625,1
0.231356399776,-0.00398350140882,0.3625,1
0.240658020136,-0.00264418942811,0.3625,1
0.248174127786,-0.00151319529901,0.3625,1
define_curve family WING tetra_size 1e+10 name E_1179 vertex1 V_1175 vertex2 V_1166
bspline
4,4,1
0,0,0,0,1
1,1,1
0.248174127786,-0.00140110678966,0.665422467808,1
0.248174127786,-0.00151319529901,0.604166695476,1
0.248174127786,-0.00151319529901,0.483333304524,1
0.248174127786,-0.00151319529901,0.3625,1
define_curve family WING tetra_size 1e+10 name E_1176 vertex1 V_1171 vertex2 V_1175
bspline
4,4,1
0,0,0,0,1
1,1,1
0.25595155921,-9.08559252139e-14,0.645003896293,1
0.255927935299,-0.000873799248433,0.665422467808,1
0.255690235437,-0.000353889980046,0.665422467808,1
0.248174127786,-0.00140110678966,0.665422467808,1
define_curve family WING tetra_size 1e+10 name E_1172 vertex1 V_1168 vertex2 V_1171
bspline
4,4,1
0,0,0,0,1
1,1,1
0.255927935298,7.03321949291e-15,0.3625,1
0.255927935298,7.03321949291e-15,0.483333304524,1
0.255927935298,7.03321949291e-15,0.604166695476,1
0.25595155921,-9.08559252139e-14,0.645003896293,1
define_curve family WING tetra_size 1e+10 name E_1169 vertex1 V_1166 vertex2 V_1168
bspline
4,4,1
0,0,0,0,1
1,1,1
0.248174127786,-0.00151319529901,0.3625,1
0.255690235437,-0.000382201169907,0.3625,1
0.255927935299,-0.000943703167215,0.3625,1
0.255927935298,7.03321949291e-15,0.3625,1
define_curve family WING tetra_size 1e+10 name E_1261 vertex1 V_1257 vertex2 V_1248
bspline
4,4,1
0,0,0,0,1
1,1,1
0.106348367464,0.0127612169298,0.665422467928,1
0.0628988476363,0.0134413474216,0.665422467928,1
0.017436351575,0.0174921874253,0.665422467928,1
0.0174363515752,-2.34449602961e-10,0.665422467868,1
define_curve family WING tetra_size 1e+10 name E_1258 vertex1 V_1253 vertex2 V_1257
bspline
4,4,1
0,0,0,0,1
1,1,1
0.106348367464,-5.47540370682e-10,0.727685184525,1
0.106348367464,0.00663583246811,0.727685184585,1
0.106348367464,0.0117403195138,0.726678240381,1
0.106348367464,0.0127612169298,0.665422467928,1
define_curve family WING tetra_size 1e+10 name E_1254 vertex1 V_1250 vertex2 V_1253
bspline
4,4,1
0,0,0,0,1
1,1,1
0.0174363515752,-7.50544343689e-10,0.727685184525,1
0.0174363515752,-7.50544343689e-10,0.727685184525,1
0.0628988476366,-5.76699462056e-10,0.727685184525,1
0.106348367464,-5.47540370682e-10,0.727685184525,1
define_curve family WING tetra_size 1e+10 name E_1251 vertex1 V_1248 vertex2 V_1250
bspline
4,4,1
0,0,0,0,1
1,1,1
0.0174363515752,-2.34449602961e-10,0.665422467868,1
0.0174363515752,-4.69038106965e-10,0.726678240261,1
0.0174363515752,-7.50544343689e-10,0.727685184525,1
0.0174363515752,-7.50544343689e-10,0.727685184525,1
define_curve family WING tetra_size 1e+10 name E_1343 vertex1 V_1339 vertex2 V_1330
bspline
4,4,1
0,0,0,0,1
1,1,1
0.106348367464,-5.47540370682e-10,0.727685184525,1
0.0628988476366,-5.76699462056e-10,0.727685184525,1
0.0174363515752,-7.50544343689e-10,0.727685184525,1
0.0174363515752,-7.50544343689e-10,0.727685184525,1
define_curve family WING tetra_size 1e+10 name E_1340 vertex1 V_1335 vertex2 V_1339
bspline
4,4,1
0,0,0,0,1
1,1,1
0.106348367464,-0.0127612172718,0.665422467808,1
0.106348367464,-0.0117403201982,0.726678240141,1
0.106348367464,-0.00663583356319,0.727685184465,1
0.106348367464,-5.47540370682e-10,0.727685184525,1
define_curve family WING tetra_size 1e+10 name E_1336 vertex1 V_1332 vertex2 V_1335
bspline
4,4,1
0,0,0,0,1
1,1,1
0.0174363515752,-2.34449602961e-10,0.665422467868,1
0.0174363515755,-0.0174921878942,0.665422467808,1
0.0628988476369,-0.0134413477818,0.665422467808,1
0.106348367464,-0.0127612172718,0.665422467808,1
define_curve family WING tetra_size 1e+10 name E_1333 vertex1 V_1330 vertex2 V_1332
bspline
4,4,1
0,0,0,0,1
1,1,1
0.0174363515752,-7.50544343689e-10,0.727685184525,1
0.0174363515752,-7.50544343689e-10,0.727685184525,1
0.0174363515752,-4.69038106965e-10,0.726678240261,1
0.0174363515752,-2.34449602961e-10,0.665422467868,1
define_curve family WING tetra_size 1e+10 name E_1415 vertex1 V_1411 vertex2 V_1402
bspline
4,4,1
0,0,0,0,1
1,1,1
0.208905658524,0.00603591746024,0.665422467928,1
0.186454917276,0.00838340770655,0.665422467928,1
0.149797887291,0.012081086438,0.665422467928,1
0.106348367464,0.0127612169298,0.665422467928,1
define_curve family WING tetra_size 1e+10 name E_1412 vertex1 V_1407 vertex2 V_1411
bspline
4,4,1
0,0,0,0,1
1,1,1
0.208905658525,-2.58982982087e-10,0.727685184525,1
0.208905658525,0.00313867692069,0.727685184585,1
0.208905658525,0.00555304403429,0.726678240381,1
0.208905658524,0.00603591746024,0.665422467928,1
define_curve family WING tetra_size 1e+10 name E_1408 vertex1 V_1404 vertex2 V_1407
bspline
4,4,1
0,0,0,0,1
1,1,1
0.106348367464,-5.47540370682e-10,0.727685184525,1
0.149797887292,-5.18381279308e-10,0.727685184525,1
0.186454917276,-3.59694012422e-10,0.727685184525,1
0.208905658525,-2.58982982087e-10,0.727685184525,1
define_curve family WING tetra_size 1e+10 name E_1405 vertex1 V_1402 vertex2 V_1404
bspline
4,4,1
0,0,0,0,1
1,1,1
0.106348367464,0.0127612169298,0.665422467928,1
0.106348367464,0.0117403195138,0.726678240381,1
0.106348367464,0.00663583246811,0.727685184585,1
0.106348367464,-5.47540370682e-10,0.727685184525,1
define_curve family WING tetra_size 1e+10 name E_1487 vertex1 V_1483 vertex2 V_1474
bspline
4,4,1
0,0,0,0,1
1,1,1
0.208905658525,-2.58982982087e-10,0.727685184525,1
0.186454917276,-3.59694012422e-10,0.727685184525,1
0.149797887292,-5.18381279308e-10,0.727685184525,1
0.106348367464,-5.47540370682e-10,0.727685184525,1
define_curve family WING tetra_size 1e+10 name E_1484 vertex1 V_1479 vertex2 V_1483
bspline
4,4,1
0,0,0,0,1
1,1,1
0.208905658526,-0.00603591762204,0.665422467808,1
0.208905658526,-0.00555304435798,0.726678240141,1
0.208905658526,-0.00313867743866,0.727685184465,1
0.208905658525,-2.58982982087e-10,0.727685184525,1
define_curve family WING tetra_size 1e+10 name E_1480 vertex1 V_1476 vertex2 V_1479
bspline
4,4,1
0,0,0,0,1
1,1,1
0.106348367464,-0.0127612172718,0.665422467808,1
0.149797887292,-0.0120810867619,0.665422467808,1
0.186454917276,-0.00838340793125,0.665422467808,1
0.208905658526,-0.00603591762204,0.665422467808,1
